[0.01412488 0.01412488 0.02828304 ... 0.         0.01647255 0.        ]
[0.00688269 0.00688269 0.         ... 0.         0.00802664 0.        ]
[0.02505619 0.02505619 0.         ... 0.         0.02922072 0.        ]
[0.01413993 0.01413993 0.         ... 0.         0.0164901  0.        ]
[0. 0. 0. ... 0. 0. 0.]
[0.05784753 0.05784753 0.         ... 0.         0.06746223 0.        ]
[0.04010204 0.04010204 0.01147902 ... 0.         0.0467673  0.        ]
[0.04151987 0.04151987 0.         ... 0.         0.04842079 0.        ]
[0.03754659 0.03754659 0.05153833 ... 0.         0.04378712 0.        ]
[0.02616592 0.02616592 0.03215704 ... 0.         0.0305149  0.        ]
[0.00961005 0.00961005 0.03113688 ... 0.         0.01120732 0.        ]
[0.06051731 0.06051731 0.04975745 ... 0.         0.07360542 0.        ]
[0.06474539 0.06474539 0.04148151 ... 0.         0.07662199 0.        ]
[0.         0.         0.02730192 ... 0.         0.         0.        ]
[0. 0. 0. ... 0. 0. 0.]
[0.0296241  0.0296241  0.04947668 ... 0.         0.03454785 0.        ]
[0.06467276 0.06467276 0.         ... 0.         0.07542186 0.        ]
[0.02957621 0.02957621 0.06987363 ... 0.         0.03449201 0.        ]
[0.01134323 0.01134323 0.01247048 ... 0.         0.01322857 0.        ]
[0. 0. 0. ... 0. 0. 0.]
[0.04363541 0.04363541 0.         ... 0.         0.05088795 0.        ]
[0. 0. 0. ... 0. 0. 0.]
[0.04533622 0.04533622 0.         ... 0.         0.04791588 0.        ]
[0.03493437 0.03493437 0.         ... 0.         0.03354117 0.        ]
[0.02257674 0.02257674 0.         ... 0.         0.02632917 0.        ]
[0.0236028  0.0236028  0.12908083 ... 0.         0.02752576 0.        ]
[0. 0. 0. ... 0. 0. 0.]
[0.0379283  0.0379283  0.04947154 ... 0.         0.04423227 0.        ]
[0.02316582 0.02316582 0.         ... 0.         0.00638346 0.        ]
[0.0051604 0.0051604 0.        ... 0.        0.0060181 0.       ]
[0.04604439 0.04604439 0.         ... 0.         0.05369732 0.        ]
[0.02436685 0.02436685 0.02916793 ... 0.         0.0284168  0.        ]
[0.07749742 0.07749742 0.0820989  ... 0.         0.09037808 0.        ]
[0.04402374 0.04402374 0.01368538 ... 0.         0.05134082 0.        ]
[0.0293675  0.0293675  0.03794325 ... 0.         0.03424861 0.        ]
[0.05147212 0.05147212 0.03952606 ... 0.         0.06681696 0.        ]
[0.04523725 0.04523725 0.         ... 0.         0.05275603 0.        ]
[0. 0. 0. ... 0. 0. 0.]
[0.04145453 0.04145453 0.         ... 0.         0.05329763 0.        ]
[0.05064219 0.05064219 0.07919893 ... 0.         0.05905931 0.        ]
[0.03977234 0.03977234 0.         ... 0.         0.04638281 0.        ]
[0.0491031  0.0491031  0.0684664  ... 0.         0.05726441 0.        ]
[0.02625844 0.02625844 0.05288876 ... 0.         0.03667961 0.        ]
[0.01133876 0.01133876 0.31220345 ... 0.         0.01322334 0.        ]
[0. 0. 0. ... 0. 0. 0.]
[0.06670699 0.06670699 0.00727349 ... 0.         0.0777942  0.        ]
[0. 0. 0. ... 0. 0. 0.]
[0.04373427 0.04373427 0.06190897 ... 0.         0.0437903  0.        ]
[0.02976275 0.02976275 0.         ... 0.         0.03470955 0.        ]
[0.05209471 0.05209471 0.         ... 0.         0.06075325 0.        ]
[0.01543499 0.01543499 0.11285399 ... 0.         0.0180004  0.        ]
[0.04486269 0.04486269 0.         ... 0.         0.05231921 0.        ]
[0.0542951  0.0542951  0.06487054 ... 0.         0.06142986 0.        ]
[0.05402193 0.05402193 0.         ... 0.         0.06300078 0.        ]
[0. 0. 0. ... 0. 0. 0.]
[0.0128261 0.0128261 0.        ... 0.        0.0149579 0.       ]
[0.05984056 0.05984056 0.05297211 ... 0.         0.06978652 0.        ]
[0.         0.         0.07094012 ... 0.         0.         0.        ]
[0.01415328 0.01415328 0.04333652 ... 0.         0.01650566 0.        ]
[0.06696713 0.06696713 0.         ... 0.         0.07809758 0.        ]
[0.0569554  0.0569554  0.06886703 ... 0.         0.06143225 0.        ]
[0.0691504  0.0691504  0.28581818 ... 0.         0.07305549 0.        ]
[0.03937943 0.03937943 0.04950516 ... 0.         0.04592459 0.        ]
[0.04410676 0.04410676 0.03608102 ... 0.         0.05675021 0.        ]
[0. 0. 0. ... 0. 0. 0.]
[0.03010126 0.03010126 0.05218937 ... 0.         0.03510432 0.        ]
[0.04725749 0.04725749 0.06377876 ... 0.         0.05511204 0.        ]
[0.03427494 0.03427494 0.06133379 ... 0.         0.0399717  0.        ]
[0.02610876 0.02610876 0.04289209 ... 0.         0.03044824 0.        ]
[0.02395606 0.02395606 0.         ... 0.         0.02793774 0.        ]
[0.04893599 0.04893599 0.         ... 0.         0.05706953 0.        ]
[0.02870205 0.02870205 0.0225406  ... 0.         0.03347255 0.        ]
[0.03105639 0.03105639 0.         ... 0.         0.0362182  0.        ]
[0.04521687 0.04521687 0.06376418 ... 0.         0.05273226 0.        ]
[0. 0. 0. ... 0. 0. 0.]
[0.03524725 0.03524725 0.05697168 ... 0.         0.04110561 0.        ]
[0.01472869 0.01472869 0.         ... 0.         0.01717671 0.        ]
[0.07416156 0.07416156 0.00875531 ... 0.         0.08648777 0.        ]
[0.02258785 0.02258785 0.02698388 ... 0.         0.02634213 0.        ]
[0.02107444 0.02107444 0.05306134 ... 0.         0.03673032 0.        ]
[0.01152708 0.01152708 0.         ... 0.         0.01344297 0.        ]
[0.0184842  0.0184842  0.01461805 ... 0.         0.02155642 0.        ]
[0.04196476 0.04196476 0.06255805 ... 0.         0.04893962 0.        ]
[0. 0. 0. ... 0. 0. 0.]
[0.0427866  0.0427866  0.         ... 0.         0.04989806 0.        ]
[0.03452357 0.03452357 0.05942505 ... 0.         0.04638646 0.        ]
[0.00757873 0.00757873 0.         ... 0.         0.00883837 0.        ]
[0. 0. 0. ... 0. 0. 0.]
[0.01590952 0.01590952 0.         ... 0.         0.0185538  0.        ]
[0. 0. 0. ... 0. 0. 0.]
[0.02515584 0.02515584 0.03953838 ... 0.         0.02933694 0.        ]
[0. 0. 0. ... 0. 0. 0.]
[0.00977876 0.00977876 0.         ... 0.         0.01140406 0.        ]
[0.00952567 0.00952567 0.         ... 0.         0.0111089  0.        ]
[0.0256147  0.0256147  0.01666471 ... 0.         0.02987205 0.        ]
[0. 0. 0. ... 0. 0. 0.]
[0.03234186 0.03234186 0.05570375 ... 0.         0.03771733 0.        ]
[0.07270953 0.07270953 0.         ... 0.         0.10360853 0.        ]
[0. 0. 0. ... 0. 0. 0.]
[0.06080913 0.06080913 0.06543145 ... 0.         0.07091607 0.        ]
[0.03118904 0.03118904 0.0074471  ... 0.         0.0363729  0.        ]
[0.02025932 0.02025932 0.         ... 0.         0.02362657 0.        ]
[0.04407823 0.04407823 0.         ... 0.         0.05140437 0.        ]
[0.07562847 0.07562847 0.         ... 0.         0.0881985  0.        ]
[0. 0. 0. ... 0. 0. 0.]
[0.04762317 0.04762317 0.04240403 ... 0.         0.0555385  0.        ]
[0.03590239 0.03590239 0.         ... 0.         0.04186964 0.        ]
[0.0375369  0.0375369  0.05476198 ... 0.         0.04377582 0.        ]
[0.02644952 0.02644952 0.         ... 0.         0.03084563 0.        ]
[0.06976827 0.06976827 0.         ... 0.         0.08136428 0.        ]
[0.01823923 0.01823923 0.0171127  ... 0.         0.02287416 0.        ]
[0.02940168 0.02940168 0.0374407  ... 0.         0.03250086 0.        ]
[0.01568906 0.01568906 0.         ... 0.         0.0182967  0.        ]
[0. 0. 0. ... 0. 0. 0.]
[0.02159669 0.02159669 0.         ... 0.         0.02518623 0.        ]
[0. 0. 0. ... 0. 0. 0.]
[0.02777634 0.02777634 0.04649489 ... 0.         0.03239299 0.        ]
[0.01773774 0.01773774 0.         ... 0.         0.02068589 0.        ]
[0.01384757 0.01384757 0.         ... 0.         0.01614914 0.        ]
[0.0404652  0.0404652  0.03826131 ... 0.         0.06033586 0.        ]
[0.03453372 0.03453372 0.01114022 ... 0.         0.04027348 0.        ]
[0. 0. 0. ... 0. 0. 0.]
[0.00713184 0.00713184 0.         ... 0.         0.0083172  0.        ]
[0.06605185 0.06605185 0.         ... 0.         0.07399947 0.        ]
[0.03575778 0.03575778 0.01344211 ... 0.         0.04227931 0.        ]
[0.02639599 0.02639599 0.         ... 0.         0.03078321 0.        ]
[0. 0. 0. ... 0. 0. 0.]
[0. 0. 0. ... 0. 0. 0.]
[0.06368916 0.06368916 0.         ... 0.         0.07427479 0.        ]
[0.03723393 0.03723393 0.02897305 ... 0.         0.04342249 0.        ]
[0.05571428 0.05571428 0.00852056 ... 0.         0.06497441 0.        ]
[0.02987773 0.02987773 0.         ... 0.         0.02822159 0.        ]
[0.05120979 0.05120979 0.03842418 ... 0.         0.05972125 0.        ]
[0.0403056 0.0403056 0.0346336 ... 0.        0.0470047 0.       ]
[0. 0. 0. ... 0. 0. 0.]
[0.02683538 0.02683538 0.1285136  ... 0.         0.03129563 0.        ]
[0.0472026  0.0472026  0.04876842 ... 0.         0.05504803 0.        ]
[0.05297947 0.05297947 0.04301726 ... 0.         0.0667114  0.        ]
[0.06374864 0.06374864 0.01933538 ... 0.         0.07434415 0.        ]
[0.07676497 0.07676497 0.0041149  ... 0.         0.07610005 0.        ]
[0.02033999 0.02033999 0.00910531 ... 0.         0.02372066 0.        ]
[0.04159647 0.04159647 0.04941467 ... 0.         0.06124278 0.        ]
[0.05262535 0.05262535 0.01403874 ... 0.00481653 0.07049211 0.00481653]
[0. 0. 0. ... 0. 0. 0.]
[0.02384128 0.02384128 0.         ... 0.         0.02780388 0.        ]
[0.05560181 0.05560181 0.05126599 ... 0.         0.06484326 0.        ]
[0. 0. 0. ... 0. 0. 0.]
[0.04488817 0.04488817 0.13853227 ... 0.         0.05250166 0.        ]
[0.06846172 0.06846172 0.         ... 0.         0.07984058 0.        ]
[0. 0. 0. ... 0. 0. 0.]
[0. 0. 0. ... 0. 0. 0.]
[0.08034996 0.08034996 0.02048685 ... 0.         0.09370473 0.        ]
[0.01968702 0.01968702 0.00335538 ... 0.         0.02295915 0.        ]
[0.04540685 0.04540685 0.00901745 ... 0.         0.05295381 0.        ]
[0.03980568 0.03980568 0.14255436 ... 0.         0.04642169 0.        ]
[0.05258499 0.05258499 0.04388694 ... 0.         0.06886391 0.        ]
[0.05079867 0.05079867 0.         ... 0.         0.07030009 0.        ]
[0.0511207  0.0511207  0.         ... 0.         0.05961735 0.        ]
[0.08366624 0.08366624 0.         ... 0.         0.09567018 0.        ]
[0.04899691 0.04899691 0.11642014 ... 0.         0.05714057 0.        ]
[0.03178135 0.03178135 0.05714306 ... 0.         0.03706365 0.        ]
[0.04452509 0.04452509 0.         ... 0.         0.0519255  0.        ]
[0.04400514 0.04400514 0.05321892 ... 0.         0.04214646 0.        ]
[0.05700616 0.05700616 0.05616271 ... 0.         0.06923748 0.        ]
[0.04403863 0.04403863 0.03949446 ... 0.         0.05135818 0.        ]
[0.03706949 0.03706949 0.         ... 0.         0.04323072 0.        ]
[0.00983608 0.00983608 0.         ... 0.         0.01147091 0.        ]
[0.0256327  0.0256327  0.         ... 0.         0.03690022 0.        ]
[0.04303359 0.04303359 0.03266913 ... 0.         0.0501861  0.        ]
[0.00786475 0.00786475 0.         ... 0.         0.00917194 0.        ]
[0.00808338 0.00808338 0.01358711 ... 0.         0.00964939 0.        ]
[0. 0. 0. ... 0. 0. 0.]
[0.04821922 0.04821922 0.06691542 ... 0.         0.05623363 0.        ]
[0.03740501 0.03740501 0.05692383 ... 0.         0.04362201 0.        ]
[0.0167241  0.0167241  0.01264324 ... 0.         0.01950377 0.        ]
[0.02835452 0.02835452 0.         ... 0.         0.03306726 0.        ]
[0.04776132 0.04776132 0.06797654 ... 0.         0.05569961 0.        ]
[0.0661341  0.0661341  0.         ... 0.         0.07712609 0.        ]
[0.02346077 0.02346077 0.         ... 0.         0.02736013 0.        ]
[0.07146149 0.07146149 0.         ... 0.         0.08333893 0.        ]
[0.07073721 0.07073721 0.00456529 ... 0.         0.08249428 0.        ]
[0.03660755 0.03660755 0.00706317 ... 0.         0.042692   0.        ]
[0.01909557 0.01909557 0.02504322 ... 0.         0.0222694  0.        ]
[0.01691344 0.01691344 0.         ... 0.         0.02820077 0.        ]
[0.08521661 0.08521661 0.         ... 0.         0.09938026 0.        ]
[0.04063036 0.04063036 0.06380848 ... 0.         0.04738343 0.        ]
[0.04922579 0.04922579 0.22958833 ... 0.         0.05740749 0.        ]
[0. 0. 0. ... 0. 0. 0.]
[0.0419995  0.0419995  0.05064533 ... 0.         0.05270864 0.        ]
[0.02437074 0.02437074 0.02880586 ... 0.         0.02727535 0.        ]
[0.20358376 0.20358376 0.05252746 ... 0.         0.11998687 0.        ]
[0. 0. 0. ... 0. 0. 0.]
[0.05718438 0.05718438 0.00567679 ... 0.         0.06668886 0.        ]
[0.0234144 0.0234144 0.        ... 0.        0.0213027 0.       ]
[0.02385094 0.02385094 0.00551574 ... 0.         0.02781514 0.        ]
[0.02880398 0.02880398 0.         ... 0.         0.07045911 0.        ]
[0.0223833  0.0223833  0.01960806 ... 0.         0.02610358 0.        ]
[0.04525678 0.04525678 0.         ... 0.         0.06056131 0.        ]
[0.06141065 0.06141065 0.03690196 ... 0.         0.06910958 0.        ]
[0.00809136 0.00809136 0.         ... 0.         0.00943621 0.        ]
[0.05294752 0.05294752 0.0435616  ... 0.         0.06174781 0.        ]
[0.06104986 0.06104986 0.         ... 0.         0.07119682 0.        ]
[0.01812358 0.01812358 0.02060095 ... 0.         0.02113586 0.        ]
[0.06538204 0.06538204 0.05330402 ... 0.         0.07836208 0.        ]
[0.02161777 0.02161777 0.         ... 0.         0.02521081 0.        ]
[0.04687996 0.04687996 0.05161898 ... 0.         0.05467176 0.        ]
[0.05668776 0.05668776 0.         ... 0.         0.0661097  0.        ]
[0.03718782 0.03718782 0.         ... 0.         0.04336872 0.        ]
[0.00489718 0.00489718 0.01317984 ... 0.         0.00571113 0.        ]
[0.02128868 0.02128868 0.         ... 0.         0.02482702 0.        ]
[0.01638073 0.01638073 0.         ... 0.         0.01910333 0.        ]
[0. 0. 0. ... 0. 0. 0.]
[0.02453973 0.02453973 0.08085215 ... 0.         0.02922271 0.        ]
[0.0070505  0.0070505  0.         ... 0.         0.00822235 0.        ]
[0.01978325 0.01978325 0.02843544 ... 0.         0.02307137 0.        ]
[0. 0. 0. ... 0. 0. 0.]
[0.04400139 0.04400139 0.         ... 0.         0.05131476 0.        ]
[0.0413746  0.0413746  0.0683681  ... 0.         0.04825138 0.        ]
[0. 0. 0. ... 0. 0. 0.]
[0.05264123 0.05264123 0.         ... 0.         0.05101418 0.        ]
[0.04805819 0.04805819 0.06523708 ... 0.         0.05550217 0.        ]
[0.06532261 0.06532261 0.06009929 ... 0.         0.07824449 0.        ]
[0.02796889 0.02796889 0.04827505 ... 0.         0.03261753 0.        ]
[0.02715274 0.02715274 0.         ... 0.         0.03166574 0.        ]
[0.02047813 0.02047813 0.         ... 0.         0.02388176 0.        ]
[0.03359213 0.03359213 0.         ... 0.         0.0391754  0.        ]
[0.010975   0.010975   0.01381631 ... 0.         0.01219004 0.        ]
[0.01948241 0.01948241 0.02174204 ... 0.         0.02272054 0.        ]
[0.07003808 0.07003808 0.         ... 0.         0.08167894 0.        ]
[0.04653925 0.04653925 0.05122093 ... 0.         0.05427443 0.        ]
[0.         0.         0.03422755 ... 0.         0.         0.        ]
[0.00899655 0.00899655 0.04059132 ... 0.         0.0102257  0.        ]
[0.04313708 0.04313708 0.05300648 ... 0.         0.05212788 0.        ]
[0.01675912 0.01675912 0.         ... 0.         0.01954462 0.        ]
[0.05052229 0.05052229 0.07370634 ... 0.         0.06291778 0.        ]
[0.03849584 0.03849584 0.04873718 ... 0.         0.04489414 0.        ]
[0.05303427 0.05303427 0.06499237 ... 0.         0.05654844 0.        ]
[0.05890911 0.05890911 0.         ... 0.         0.06870025 0.        ]
[0.04619183 0.04619183 0.05335154 ... 0.         0.05386927 0.        ]
[0.05616589 0.05616589 0.05189757 ... 0.         0.06550109 0.        ]
[0.06535644 0.06535644 0.05226297 ... 0.         0.07846361 0.        ]
[0.03575999 0.03575999 0.         ... 0.         0.02272022 0.        ]
[0.05198905 0.05198905 0.05953375 ... 0.         0.06063003 0.        ]
[0.04766223 0.04766223 0.         ... 0.         0.05558406 0.        ]
[0.04856181 0.04856181 0.05592063 ... 0.         0.05663316 0.        ]
[0.05717543 0.05717543 0.06992207 ... 0.         0.06667842 0.        ]
[0.06117095 0.06117095 0.         ... 0.         0.07133803 0.        ]
[0.06461974 0.06461974 0.         ... 0.         0.07536003 0.        ]
[0.03635841 0.03635841 0.         ... 0.         0.04240145 0.        ]
[0.03044477 0.03044477 0.         ... 0.         0.03550492 0.        ]
[0.08938945 0.08938945 0.04076475 ... 0.         0.07177136 0.        ]
[0.04182207 0.04182207 0.08124412 ... 0.         0.04877322 0.        ]
[0.03642725 0.03642725 0.00892716 ... 0.         0.04248173 0.        ]
[0.0198194  0.0198194  0.         ... 0.         0.02311353 0.        ]
[0.0190343  0.0190343  0.00360992 ... 0.         0.05940466 0.        ]
[0.03183376 0.03183376 0.         ... 0.         0.03712477 0.        ]
[0.01382601 0.01382601 0.00286431 ... 0.         0.016124   0.        ]
[0.0245535  0.0245535  0.01892688 ... 0.         0.02669616 0.        ]
[0.01199127 0.01199127 0.11580436 ... 0.         0.01398431 0.        ]
[0.04872974 0.04872974 0.05186122 ... 0.         0.05682899 0.        ]
[0.01785361 0.01785361 0.         ... 0.         0.02082102 0.        ]
[0.03493471 0.03493471 0.06327066 ... 0.         0.04074113 0.        ]
[0.05468089 0.05468089 0.         ... 0.         0.06376927 0.        ]
[0.06187178 0.06187178 0.06068161 ... 0.         0.07097998 0.        ]
[0.05480726 0.05480726 0.05385546 ... 0.         0.06391665 0.        ]
[0.0327634  0.0327634  0.06286148 ... 0.         0.03820893 0.        ]
[0. 0. 0. ... 0. 0. 0.]
[0. 0. 0. ... 0. 0. 0.]
[0. 0. 0. ... 0. 0. 0.]
[0.03577341 0.03577341 0.08659444 ... 0.         0.04294737 0.        ]
[0. 0. 0. ... 0. 0. 0.]
[0.01765733 0.01765733 0.00553012 ... 0.         0.02059211 0.        ]
[0.06054256 0.06054256 0.07466734 ... 0.         0.06860861 0.        ]
[0.08447653 0.08447653 0.         ... 0.         0.09906999 0.        ]
[0.05567043 0.05567043 0.05250485 ... 0.         0.06492329 0.        ]
[0.08108093 0.08108093 0.         ... 0.         0.09455719 0.        ]
[0.05120127 0.05120127 0.06289374 ... 0.         0.06733757 0.        ]
[0.04904007 0.04904007 0.         ... 0.         0.05719091 0.        ]
[0.07196342 0.07196342 0.05893813 ... 0.         0.08617416 0.        ]
[0.01787829 0.01787829 0.         ... 0.         0.0208498  0.        ]
[0. 0. 0. ... 0. 0. 0.]
[0.04478872 0.04478872 0.13856913 ... 0.         0.05212933 0.        ]
[0.07942279 0.07942279 0.00923244 ... 0.         0.09262347 0.        ]
[0.02720694 0.02720694 0.05435157 ... 0.         0.03103633 0.        ]
[0.04502781 0.04502781 0.         ... 0.         0.05251178 0.        ]
[0.04444132 0.04444132 0.         ... 0.         0.05182781 0.        ]
[0.03767691 0.03767691 0.         ... 0.         0.0439391  0.        ]
[0.03890689 0.03890689 0.         ... 0.         0.04537351 0.        ]
[0.05241657 0.05241657 0.06428067 ... 0.         0.0611286  0.        ]
[0.01424684 0.01424684 0.         ... 0.         0.01661477 0.        ]
[0. 0. 0. ... 0. 0. 0.]
[0. 0. 0. ... 0. 0. 0.]
[0.05433527 0.05433527 0.05171549 ... 0.         0.06972166 0.        ]
[0.         0.         0.02089046 ... 0.         0.         0.        ]
[0.0138126  0.0138126  0.         ... 0.         0.01610836 0.        ]
[0.01446424 0.01446424 0.         ... 0.         0.01686831 0.        ]
[0.04417686 0.04417686 0.02087331 ... 0.         0.05051709 0.        ]
[0.04552503 0.04552503 0.00652327 ... 0.         0.0477715  0.        ]
[0.01277727 0.01277727 0.01381017 ... 0.         0.01490095 0.        ]
[0. 0. 0. ... 0. 0. 0.]
[0.04838865 0.04838865 0.         ... 0.         0.05643121 0.        ]
[0.06060175 0.06060175 0.         ... 0.         0.07067422 0.        ]
[0.02235719 0.02235719 0.01540387 ... 0.         0.02607313 0.        ]
[0.05277271 0.05277271 0.07066711 ... 0.         0.05618299 0.        ]
[0.03474982 0.03474982 0.         ... 0.         0.0405255  0.        ]
[0. 0. 0. ... 0. 0. 0.]
[0. 0. 0. ... 0. 0. 0.]
[0. 0. 0. ... 0. 0. 0.]
[0.02156799 0.02156799 0.05451461 ... 0.         0.02172636 0.        ]
[0.03769139 0.03769139 0.         ... 0.         0.04395599 0.        ]
[0.03962519 0.03962519 0.         ... 0.         0.04621119 0.        ]
[0.02320137 0.02320137 0.03114181 ... 0.         0.02705761 0.        ]
[0.0211168  0.0211168  0.         ... 0.         0.02462658 0.        ]
[0.05090008 0.05090008 0.00936504 ... 0.         0.05936006 0.        ]
[0.03834097 0.03834097 0.00726489 ... 0.         0.04471353 0.        ]
[0.01945042 0.01945042 0.03334452 ... 0.         0.02268323 0.        ]
[0.00968373 0.00968373 0.03541503 ... 0.         0.01129324 0.        ]
[0.04535289 0.04535289 0.14635565 ... 0.         0.05289088 0.        ]
[0.02013678 0.02013678 0.01466962 ... 0.         0.02329673 0.        ]
[0.06517113 0.06517113 0.08185788 ... 0.         0.07207038 0.        ]
[0.03091141 0.03091141 0.04685462 ... 0.         0.03604912 0.        ]
[0.0082581  0.0082581  0.0099058  ... 0.         0.00907731 0.        ]
[0.01303924 0.01303924 0.06397956 ... 0.         0.01520647 0.        ]
[0.03491087 0.03491087 0.         ... 0.         0.04071333 0.        ]
[0. 0. 0. ... 0. 0. 0.]
[0.04246036 0.04246036 0.         ... 0.         0.0495176  0.        ]
[0. 0. 0. ... 0. 0. 0.]
[0.06676186 0.06676186 0.05575308 ... 0.         0.07785819 0.        ]
[0.01090914 0.01090914 0.         ... 0.         0.01272232 0.        ]
[0.0328555  0.0328555  0.         ... 0.         0.03831634 0.        ]
[0.0394233  0.0394233  0.0210686  ... 0.         0.04597576 0.        ]
[0.00527545 0.00527545 0.         ... 0.         0.00615227 0.        ]
[0.06242152 0.06242152 0.         ... 0.         0.06514876 0.        ]
[0.03446844 0.03446844 0.02600662 ... 0.         0.0646615  0.        ]
[0.04845247 0.04845247 0.06112538 ... 0.         0.05650564 0.        ]
[0.02709363 0.02709363 0.02482807 ... 0.         0.03159679 0.        ]
[0.03877069 0.03877069 0.         ... 0.         0.04521468 0.        ]
[0. 0. 0. ... 0. 0. 0.]
[0.02199962 0.02199962 0.         ... 0.         0.02565613 0.        ]
[0. 0. 0. ... 0. 0. 0.]
[0.03268279 0.03268279 0.         ... 0.         0.03811492 0.        ]
[0.03634879 0.03634879 0.00878392 ... 0.         0.04239023 0.        ]
[0.03147166 0.03147166 0.         ... 0.         0.03670249 0.        ]
[0.0575228  0.0575228  0.         ... 0.         0.03831995 0.        ]
[0. 0. 0. ... 0. 0. 0.]
[0.0172456  0.0172456  0.0053089  ... 0.         0.02011195 0.        ]
[0.03740022 0.03740022 0.         ... 0.         0.03134598 0.        ]
[0.01718238 0.01718238 0.02135464 ... 0.         0.02003823 0.        ]
[0.07469647 0.07469647 0.060502   ... 0.         0.08711159 0.        ]
[0.01474945 0.01474945 0.         ... 0.         0.01720092 0.        ]
[0.0510348  0.0510348  0.00716359 ... 0.         0.05367482 0.        ]
[0.01258599 0.01258599 0.03399234 ... 0.         0.01324049 0.        ]
[0.07775587 0.07775587 0.01831037 ... 0.         0.08316732 0.        ]
[0.0150678  0.0150678  0.0090554  ... 0.         0.01757219 0.        ]
[0.04595309 0.04595309 0.00920604 ... 0.         0.04858544 0.        ]
[0.03937034 0.03937034 0.02460308 ... 0.         0.04591399 0.        ]
[0.06149151 0.06149151 0.         ... 0.         0.06130273 0.        ]
[0.05580399 0.05580399 0.05222613 ... 0.         0.07190245 0.        ]
[0.05497291 0.05497291 0.08149786 ... 0.         0.06215213 0.        ]
[0.06166037 0.06166037 0.         ... 0.         0.09371104 0.        ]
[0. 0. 0. ... 0. 0. 0.]
[0.02906256 0.02906256 0.04804681 ... 0.         0.03389298 0.        ]
[0.01227376 0.01227376 0.01490694 ... 0.         0.01431375 0.        ]
[0.00675124 0.00675124 0.         ... 0.         0.00787335 0.        ]
[0.01436606 0.01436606 0.00601574 ... 0.         0.01675381 0.        ]
[0. 0. 0. ... 0. 0. 0.]
[0.06251949 0.06251949 0.19484125 ... 0.         0.06982881 0.        ]
[0.01509118 0.01509118 0.01062865 ... 0.         0.02855417 0.        ]
[0.04819418 0.04819418 0.00568121 ... 0.         0.05157104 0.        ]
[0.03597347 0.03597347 0.         ... 0.         0.04195253 0.        ]
[0.07024529 0.07024529 0.06401816 ... 0.         0.08192059 0.        ]
[0.03357567 0.03357567 0.00795299 ... 0.         0.0391562  0.        ]
[0.08276045 0.08276045 0.         ... 0.         0.09651586 0.        ]
[0.0261156  0.0261156  0.         ... 0.         0.02345162 0.        ]
[0. 0. 0. ... 0. 0. 0.]
[0.023219   0.023219   0.         ... 0.         0.02707817 0.        ]
[0.08803758 0.08803758 0.00487788 ... 0.         0.09272455 0.        ]
[0.03917405 0.03917405 0.04085796 ... 0.         0.04568507 0.        ]
[0.01844049 0.01844049 0.         ... 0.         0.02150544 0.        ]
[0.02727223 0.02727223 0.01431217 ... 0.         0.01429638 0.        ]
[0. 0. 0. ... 0. 0. 0.]
[0.03561765 0.03561765 0.01762455 ... 0.         0.04153758 0.        ]
[0.01030389 0.01030389 0.01990272 ... 0.         0.01201648 0.        ]
[0.03053004 0.03053004 0.05727236 ... 0.         0.03225056 0.        ]
[0.03182016 0.03182016 0.04375301 ... 0.         0.04997078 0.        ]
[0.03055547 0.03055547 0.         ... 0.         0.03563402 0.        ]
[0. 0. 0. ... 0. 0. 0.]
[0.0192171  0.0192171  0.         ... 0.         0.02241113 0.        ]
[0.01272582 0.01272582 0.         ... 0.         0.01484094 0.        ]
[0.02400898 0.02400898 0.         ... 0.         0.02799945 0.        ]
[0.00763404 0.00763404 0.0097936  ... 0.         0.00890287 0.        ]
[0.02118834 0.02118834 0.0107219  ... 0.         0.02471001 0.        ]
[0.02765535 0.02765535 0.05880001 ... 0.         0.07189819 0.        ]
[0.00764787 0.00764787 0.02219723 ... 0.         0.008919   0.        ]
[0.02817429 0.02817429 0.         ... 0.         0.03285708 0.        ]
[0.02426116 0.02426116 0.         ... 0.         0.02829355 0.        ]
[0.05319815 0.05319815 0.         ... 0.         0.06204009 0.        ]
[0.01087423 0.01087423 0.         ... 0.         0.01268161 0.        ]
[0.03028048 0.03028048 0.04330456 ... 0.         0.03531333 0.        ]
[0.02805672 0.02805672 0.04140551 ... 0.         0.03271996 0.        ]
[0.00978644 0.00978644 0.24816474 ... 0.         0.01141303 0.        ]
[0.01350282 0.01350282 0.         ... 0.         0.09811918 0.        ]
[0.02981389 0.02981389 0.08953379 ... 0.         0.02912062 0.        ]
[0.00842109 0.00842109 0.04091092 ... 0.         0.00982074 0.        ]
[0.02395329 0.02395329 0.08137165 ... 0.         0.02793452 0.        ]
[0.00579461 0.00579461 0.00174316 ... 0.         0.00675772 0.        ]
[0.02887032 0.02887032 0.         ... 0.         0.01754621 0.        ]
[0.05922654 0.05922654 0.04931157 ... 0.         0.07551306 0.        ]
[0.00762024 0.00762024 0.03051688 ... 0.         0.00888679 0.        ]
[0.03785876 0.03785876 0.05593812 ... 0.         0.04415118 0.        ]
[0.02968605 0.02968605 0.         ... 0.         0.05596573 0.        ]
[0.04067033 0.04067033 0.         ... 0.         0.04743005 0.        ]
[0.05088006 0.05088006 0.0817141  ... 0.         0.05933672 0.        ]
[0.03764885 0.03764885 0.         ... 0.         0.04390638 0.        ]
[0.01828995 0.01828995 0.         ... 0.         0.02132987 0.        ]
[0. 0. 0. ... 0. 0. 0.]
[0.03825721 0.03825721 0.         ... 0.         0.04461585 0.        ]
[0.01370118 0.01370118 0.03829887 ... 0.         0.01597842 0.        ]
[0.05632004 0.05632004 0.05162749 ... 0.         0.06568086 0.        ]
[0. 0. 0. ... 0. 0. 0.]
[0.02031098 0.02031098 0.         ... 0.         0.02368682 0.        ]
[0. 0. 0. ... 0. 0. 0.]
[0.02355612 0.02355612 0.         ... 0.         0.10725193 0.        ]
[0.         0.         0.02061766 ... 0.         0.         0.        ]
[0.04995464 0.04995464 0.         ... 0.         0.05825749 0.        ]
[0.06148755 0.06148755 0.         ... 0.         0.07170725 0.        ]
[0.05315319 0.05315319 0.01838319 ... 0.         0.07625631 0.        ]
[0.00532043 0.00532043 0.02033276 ... 0.         0.00620472 0.        ]
[0.01698502 0.01698502 0.         ... 0.         0.01980806 0.        ]
[0.05638711 0.05638711 0.07172358 ... 0.         0.06776096 0.        ]
[0.05792144 0.05792144 0.         ... 0.         0.06754842 0.        ]
[0.00788389 0.00788389 0.         ... 0.         0.00919425 0.        ]
[0.05451853 0.05451853 0.01226956 ... 0.         0.05857662 0.        ]
[0.05971141 0.05971141 0.         ... 0.         0.0696359  0.        ]
[0.02657151 0.02657151 0.04626644 ... 0.         0.0309879  0.        ]
[0.02683822 0.02683822 0.01431781 ... 0.         0.03129893 0.        ]
[0.01808838 0.01808838 0.         ... 0.         0.         0.        ]
[0. 0. 0. ... 0. 0. 0.]
[0.04984265 0.04984265 0.         ... 0.         0.05812688 0.        ]
[0.02092537 0.02092537 0.         ... 0.         0.02440332 0.        ]
[0.0488425  0.0488425  0.         ... 0.         0.05150022 0.        ]
[0.03885186 0.03885186 0.         ... 0.         0.04530934 0.        ]
[0.00342031 0.00342031 0.         ... 0.         0.00398879 0.        ]
[0.02917807 0.02917807 0.         ... 0.         0.03402769 0.        ]
[0.04365671 0.04365671 0.         ... 0.         0.04506256 0.        ]
[0.00727903 0.00727903 0.         ... 0.         0.00848886 0.        ]
[0.0063589 0.0063589 0.        ... 0.        0.0074158 0.       ]
[0.06134637 0.06134637 0.00643713 ... 0.         0.0715426  0.        ]
[0.02343633 0.02343633 0.06915973 ... 0.         0.02733162 0.        ]
[0.05978336 0.05978336 0.         ... 0.         0.06971981 0.        ]
[0.02368873 0.02368873 0.         ... 0.         0.02762597 0.        ]
[0.06780379 0.06780379 0.         ... 0.         0.08555048 0.        ]
[0.05007111 0.05007111 0.1736757  ... 0.         0.0542731  0.        ]
[0.02636713 0.02636713 0.0370643  ... 0.         0.03074955 0.        ]
[0. 0. 0. ... 0. 0. 0.]
[0.04643528 0.04643528 0.         ... 0.         0.05415318 0.        ]
[0.02441838 0.02441838 0.         ... 0.         0.0284769  0.        ]
[0. 0. 0. ... 0. 0. 0.]
[0.01016713 0.01016713 0.         ... 0.         0.01185699 0.        ]
[0.06169086 0.06169086 0.         ... 0.         0.07194435 0.        ]
[0.0340184  0.0340184  0.00848031 ... 0.         0.03967251 0.        ]
[0.03550085 0.03550085 0.03579836 ... 0.         0.04140136 0.        ]
[0.04840929 0.04840929 0.01449022 ... 0.         0.05645529 0.        ]
[0.03770706 0.03770706 0.00801806 ... 0.         0.04397426 0.        ]
[0.01534868 0.01534868 0.01718116 ... 0.         0.01789975 0.        ]
[0. 0. 0. ... 0. 0. 0.]
[0.02384801 0.02384801 0.03187991 ... 0.         0.02781173 0.        ]
[0.06438554 0.06438554 0.         ... 0.         0.07508691 0.        ]
[0.02501727 0.02501727 0.         ... 0.         0.02917534 0.        ]
[0.08132867 0.08132867 0.         ... 0.         0.09484612 0.        ]
[0.03347522 0.03347522 0.         ... 0.         0.03903905 0.        ]
[0.01734284 0.01734284 0.         ... 0.         0.02022535 0.        ]
[0.03909147 0.03909147 0.         ... 0.         0.04558877 0.        ]
[0.02627756 0.02627756 0.00856045 ... 0.         0.03064509 0.        ]
[0. 0. 0. ... 0. 0. 0.]
[0.05242447 0.05242447 0.00672394 ... 0.         0.06113781 0.        ]
[0.01496509 0.01496509 0.         ... 0.         0.0174524  0.        ]
[0.05124347 0.05124347 0.         ... 0.         0.05976052 0.        ]
[0.01822976 0.01822976 0.00991059 ... 0.         0.02125968 0.        ]
[0.02991331 0.02991331 0.04410874 ... 0.         0.03488513 0.        ]
[0.03308847 0.03308847 0.06104083 ... 0.         0.03858803 0.        ]
[0.04500669 0.04500669 0.06583128 ... 0.         0.05248714 0.        ]
[0.0324893  0.0324893  0.         ... 0.         0.05149348 0.        ]
[0.03137183 0.03137183 0.         ... 0.         0.03658607 0.        ]
[0.03208702 0.03208702 0.04127785 ... 0.         0.03742012 0.        ]
[0.02983907 0.02983907 0.         ... 0.         0.02348349 0.        ]
[0.         0.         0.03605114 ... 0.         0.         0.        ]
[0.1370184  0.1370184  0.01534158 ... 0.         0.1597919  0.        ]
[0.03225628 0.03225628 0.01950359 ... 0.         0.03761752 0.        ]
[0.00691672 0.00691672 0.         ... 0.         0.00806633 0.        ]
[0.02065328 0.02065328 0.         ... 0.         0.02408601 0.        ]
[0.01533218 0.01533218 0.         ... 0.         0.01788051 0.        ]
[0. 0. 0. ... 0. 0. 0.]
[0.         0.         0.01938481 ... 0.         0.         0.        ]
[0.06916555 0.06916555 0.         ... 0.         0.0806614  0.        ]
[0.0402032  0.0402032  0.         ... 0.         0.04688527 0.        ]
[0.03278549 0.03278549 0.         ... 0.         0.03823468 0.        ]
[0.05145803 0.05145803 0.         ... 0.         0.05497598 0.        ]
[0.02077342 0.02077342 0.         ... 0.         0.01381729 0.        ]
[0.03525523 0.03525523 0.07522353 ... 0.         0.04111492 0.        ]
[0.05596783 0.05596783 0.02320313 ... 0.         0.05896224 0.        ]
[0.03741988 0.03741988 0.         ... 0.         0.04363935 0.        ]
[0.01756062 0.01756062 0.04100391 ... 0.         0.02047933 0.        ]
[0.04898155 0.04898155 0.         ... 0.         0.03649158 0.        ]
[0.02364896 0.02364896 0.         ... 0.         0.0275796  0.        ]
[0.04625521 0.04625521 0.         ... 0.         0.04813508 0.        ]
[0.04666457 0.04666457 0.         ... 0.         0.05442058 0.        ]
[0.01538441 0.01538441 0.         ... 0.         0.01794141 0.        ]
[0.0239733  0.0239733  0.         ... 0.         0.02795785 0.        ]
[0.00725432 0.00725432 0.         ... 0.         0.00846005 0.        ]
[0.05360344 0.05360344 0.         ... 0.         0.06251274 0.        ]
[0. 0. 0. ... 0. 0. 0.]
[0.02439153 0.02439153 0.         ... 0.         0.02844559 0.        ]
[0.09084022 0.09084022 0.00696248 ... 0.         0.08189851 0.        ]
[0. 0. 0. ... 0. 0. 0.]
[0.05324386 0.05324386 0.07138444 ... 0.         0.06209339 0.        ]
[0. 0. 0. ... 0. 0. 0.]
[0.07918976 0.07918976 0.01378479 ... 0.         0.0923517  0.        ]
[0.01935183 0.01935183 0.01924069 ... 0.         0.02755623 0.        ]
[0.03473071 0.03473071 0.         ... 0.         0.04050322 0.        ]
[0.03833773 0.03833773 0.         ... 0.         0.04470975 0.        ]
[0.02550527 0.02550527 0.         ... 0.         0.02974444 0.        ]
[0. 0. 0. ... 0. 0. 0.]
[0. 0. 0. ... 0. 0. 0.]
[0.04052856 0.04052856 0.         ... 0.         0.04726471 0.        ]
[0.09106631 0.09106631 0.         ... 0.         0.0970644  0.        ]
[0.05563341 0.05563341 0.         ... 0.         0.05014391 0.        ]
[0. 0. 0. ... 0. 0. 0.]
[0.01086155 0.01086155 0.         ... 0.         0.01538808 0.        ]
[0.02150494 0.02150494 0.03499344 ... 0.         0.02507923 0.        ]
[0.         0.         0.03575631 ... 0.         0.         0.        ]
[0.01259577 0.01259577 0.         ... 0.         0.01468929 0.        ]
[0.00752007 0.00752007 0.         ... 0.         0.00876996 0.        ]
[0.02337503 0.02337503 0.22317223 ... 0.         0.02726014 0.        ]
[0.0169706  0.0169706  0.         ... 0.         0.01322196 0.        ]
[0.04014483 0.04014483 0.01955066 ... 0.         0.03808153 0.        ]
[0.0465066  0.0465066  0.00799641 ... 0.         0.05423635 0.        ]
[0.05820732 0.05820732 0.06467988 ... 0.         0.07899252 0.        ]
[0.04050947 0.04050947 0.06644874 ... 0.         0.04724246 0.        ]
[0.07562352 0.07562352 0.05525881 ... 0.         0.08819273 0.        ]
[0.02785445 0.02785445 0.         ... 0.         0.03248407 0.        ]
[0.01639901 0.01639901 0.08090494 ... 0.         0.01912465 0.        ]
[0.03274077 0.03274077 0.01847003 ... 0.         0.02832794 0.        ]
[0.0821702  0.0821702  0.07143931 ... 0.         0.09582751 0.        ]
[0.04154738 0.04154738 0.01484555 ... 0.         0.04845287 0.        ]
[0.03378443 0.03378443 0.         ... 0.         0.03939966 0.        ]
[0.00760995 0.00760995 0.         ... 0.         0.00887479 0.        ]
[0.04169095 0.04169095 0.         ... 0.         0.0486203  0.        ]
[0.01699831 0.01699831 0.         ... 0.         0.01982356 0.        ]
[0.01289264 0.01289264 0.02817677 ... 0.         0.00927304 0.        ]
[0.05804494 0.05804494 0.01025577 ... 0.         0.06769245 0.        ]
[0.02112796 0.02112796 0.         ... 0.         0.02463958 0.        ]
[0.01501411 0.01501411 0.         ... 0.         0.01750957 0.        ]
[0.0465394  0.0465394  0.         ... 0.         0.05427461 0.        ]
[0.04747362 0.04747362 0.0179036  ... 0.         0.05536409 0.        ]
[0.05639293 0.05639293 0.06324907 ... 0.         0.06837345 0.        ]
[0.09460987 0.09460987 0.00969989 ... 0.         0.11033475 0.        ]
[0.01594837 0.01594837 0.         ... 0.         0.01859911 0.        ]
[0.03781014 0.03781014 0.         ... 0.         0.04409448 0.        ]
[0.03781465 0.03781465 0.         ... 0.         0.04409974 0.        ]
[0.076104   0.076104   0.02275231 ... 0.         0.12783695 0.        ]
[0.0112136  0.0112136  0.         ... 0.         0.01307739 0.        ]
[0. 0. 0. ... 0. 0. 0.]
[0. 0. 0. ... 0. 0. 0.]
[0.04436009 0.04436009 0.01480026 ... 0.         0.05173307 0.        ]
[0.04070732 0.04070732 0.00806559 ... 0.         0.04747318 0.        ]
[0.03847172 0.03847172 0.         ... 0.         0.04486602 0.        ]
[0.01988396 0.01988396 0.03196388 ... 0.         0.02318883 0.        ]
[0.00438845 0.00438845 0.01065989 ... 0.         0.00511785 0.        ]
[0.03406958 0.03406958 0.05131368 ... 0.         0.0397322  0.        ]
[0.03207693 0.03207693 0.00373435 ... 0.         0.03740836 0.        ]
[0.05699515 0.05699515 0.09623847 ... 0.05915208 0.06646818 0.05915208]
[0.04947841 0.04947841 0.12009136 ... 0.         0.04634814 0.        ]
[0.04461934 0.04461934 0.01524055 ... 0.         0.043749   0.        ]
[0. 0. 0. ... 0. 0. 0.]
[0. 0. 0. ... 0. 0. 0.]
[0. 0. 0. ... 0. 0. 0.]
[0. 0. 0. ... 0. 0. 0.]
[0.01832933 0.01832933 0.03752749 ... 0.         0.0213758  0.        ]
[0.         0.         0.02491583 ... 0.         0.         0.        ]
[0.0205953  0.0205953  0.04102083 ... 0.         0.02029113 0.        ]
[0.03326148 0.03326148 0.00880309 ... 0.         0.03878979 0.        ]
[0.02360868 0.02360868 0.01270389 ... 0.         0.02753262 0.        ]
[0.00903222 0.00903222 0.         ... 0.         0.01053344 0.        ]
[0.06461043 0.06461043 0.         ... 0.         0.07534917 0.        ]
[0.01582923 0.01582923 0.0133357  ... 0.         0.01846017 0.        ]
[0.00876934 0.00876934 0.         ... 0.         0.01022687 0.        ]
[0.04863169 0.04863169 0.01491059 ... 0.         0.05671465 0.        ]
[0.04210469 0.04210469 0.         ... 0.         0.04910281 0.        ]
[0.03858255 0.03858255 0.00695479 ... 0.         0.04499527 0.        ]
[0. 0. 0. ... 0. 0. 0.]
[0.03732465 0.03732465 0.00350838 ... 0.         0.0435283  0.        ]
[0.04788859 0.04788859 0.03947422 ... 0.10291465 0.06946764 0.10291465]
